{
 "cells": [
  {
   "cell_type": "markdown",
   "metadata": {},
   "source": [
    "# PCA"
   ]
  },
  {
   "cell_type": "code",
   "execution_count": 1,
   "metadata": {},
   "outputs": [],
   "source": [
    "import pandas as pd\n",
    "import numpy as np\n",
    "import matplotlib.pyplot as plt\n",
    "from sklearn.preprocessing import scale\n",
    "from sklearn.decomposition import PCA"
   ]
  },
  {
   "cell_type": "code",
   "execution_count": 2,
   "metadata": {},
   "outputs": [
    {
     "data": {
      "text/html": [
       "<div>\n",
       "<style scoped>\n",
       "    .dataframe tbody tr th:only-of-type {\n",
       "        vertical-align: middle;\n",
       "    }\n",
       "\n",
       "    .dataframe tbody tr th {\n",
       "        vertical-align: top;\n",
       "    }\n",
       "\n",
       "    .dataframe thead th {\n",
       "        text-align: right;\n",
       "    }\n",
       "</style>\n",
       "<table border=\"1\" class=\"dataframe\">\n",
       "  <thead>\n",
       "    <tr style=\"text-align: right;\">\n",
       "      <th></th>\n",
       "      <th>Type</th>\n",
       "      <th>Alcohol</th>\n",
       "      <th>Malic</th>\n",
       "      <th>Ash</th>\n",
       "      <th>Alcalinity</th>\n",
       "      <th>Magnesium</th>\n",
       "      <th>Phenols</th>\n",
       "      <th>Flavanoids</th>\n",
       "      <th>Nonflavanoids</th>\n",
       "      <th>Proanthocyanins</th>\n",
       "      <th>Color</th>\n",
       "      <th>Hue</th>\n",
       "      <th>Dilution</th>\n",
       "      <th>Proline</th>\n",
       "    </tr>\n",
       "  </thead>\n",
       "  <tbody>\n",
       "    <tr>\n",
       "      <th>0</th>\n",
       "      <td>1</td>\n",
       "      <td>14.23</td>\n",
       "      <td>1.71</td>\n",
       "      <td>2.43</td>\n",
       "      <td>15.6</td>\n",
       "      <td>127</td>\n",
       "      <td>2.80</td>\n",
       "      <td>3.06</td>\n",
       "      <td>0.28</td>\n",
       "      <td>2.29</td>\n",
       "      <td>5.64</td>\n",
       "      <td>1.04</td>\n",
       "      <td>3.92</td>\n",
       "      <td>1065</td>\n",
       "    </tr>\n",
       "    <tr>\n",
       "      <th>1</th>\n",
       "      <td>1</td>\n",
       "      <td>13.20</td>\n",
       "      <td>1.78</td>\n",
       "      <td>2.14</td>\n",
       "      <td>11.2</td>\n",
       "      <td>100</td>\n",
       "      <td>2.65</td>\n",
       "      <td>2.76</td>\n",
       "      <td>0.26</td>\n",
       "      <td>1.28</td>\n",
       "      <td>4.38</td>\n",
       "      <td>1.05</td>\n",
       "      <td>3.40</td>\n",
       "      <td>1050</td>\n",
       "    </tr>\n",
       "    <tr>\n",
       "      <th>2</th>\n",
       "      <td>1</td>\n",
       "      <td>13.16</td>\n",
       "      <td>2.36</td>\n",
       "      <td>2.67</td>\n",
       "      <td>18.6</td>\n",
       "      <td>101</td>\n",
       "      <td>2.80</td>\n",
       "      <td>3.24</td>\n",
       "      <td>0.30</td>\n",
       "      <td>2.81</td>\n",
       "      <td>5.68</td>\n",
       "      <td>1.03</td>\n",
       "      <td>3.17</td>\n",
       "      <td>1185</td>\n",
       "    </tr>\n",
       "    <tr>\n",
       "      <th>3</th>\n",
       "      <td>1</td>\n",
       "      <td>14.37</td>\n",
       "      <td>1.95</td>\n",
       "      <td>2.50</td>\n",
       "      <td>16.8</td>\n",
       "      <td>113</td>\n",
       "      <td>3.85</td>\n",
       "      <td>3.49</td>\n",
       "      <td>0.24</td>\n",
       "      <td>2.18</td>\n",
       "      <td>7.80</td>\n",
       "      <td>0.86</td>\n",
       "      <td>3.45</td>\n",
       "      <td>1480</td>\n",
       "    </tr>\n",
       "    <tr>\n",
       "      <th>4</th>\n",
       "      <td>1</td>\n",
       "      <td>13.24</td>\n",
       "      <td>2.59</td>\n",
       "      <td>2.87</td>\n",
       "      <td>21.0</td>\n",
       "      <td>118</td>\n",
       "      <td>2.80</td>\n",
       "      <td>2.69</td>\n",
       "      <td>0.39</td>\n",
       "      <td>1.82</td>\n",
       "      <td>4.32</td>\n",
       "      <td>1.04</td>\n",
       "      <td>2.93</td>\n",
       "      <td>735</td>\n",
       "    </tr>\n",
       "    <tr>\n",
       "      <th>...</th>\n",
       "      <td>...</td>\n",
       "      <td>...</td>\n",
       "      <td>...</td>\n",
       "      <td>...</td>\n",
       "      <td>...</td>\n",
       "      <td>...</td>\n",
       "      <td>...</td>\n",
       "      <td>...</td>\n",
       "      <td>...</td>\n",
       "      <td>...</td>\n",
       "      <td>...</td>\n",
       "      <td>...</td>\n",
       "      <td>...</td>\n",
       "      <td>...</td>\n",
       "    </tr>\n",
       "    <tr>\n",
       "      <th>173</th>\n",
       "      <td>3</td>\n",
       "      <td>13.71</td>\n",
       "      <td>5.65</td>\n",
       "      <td>2.45</td>\n",
       "      <td>20.5</td>\n",
       "      <td>95</td>\n",
       "      <td>1.68</td>\n",
       "      <td>0.61</td>\n",
       "      <td>0.52</td>\n",
       "      <td>1.06</td>\n",
       "      <td>7.70</td>\n",
       "      <td>0.64</td>\n",
       "      <td>1.74</td>\n",
       "      <td>740</td>\n",
       "    </tr>\n",
       "    <tr>\n",
       "      <th>174</th>\n",
       "      <td>3</td>\n",
       "      <td>13.40</td>\n",
       "      <td>3.91</td>\n",
       "      <td>2.48</td>\n",
       "      <td>23.0</td>\n",
       "      <td>102</td>\n",
       "      <td>1.80</td>\n",
       "      <td>0.75</td>\n",
       "      <td>0.43</td>\n",
       "      <td>1.41</td>\n",
       "      <td>7.30</td>\n",
       "      <td>0.70</td>\n",
       "      <td>1.56</td>\n",
       "      <td>750</td>\n",
       "    </tr>\n",
       "    <tr>\n",
       "      <th>175</th>\n",
       "      <td>3</td>\n",
       "      <td>13.27</td>\n",
       "      <td>4.28</td>\n",
       "      <td>2.26</td>\n",
       "      <td>20.0</td>\n",
       "      <td>120</td>\n",
       "      <td>1.59</td>\n",
       "      <td>0.69</td>\n",
       "      <td>0.43</td>\n",
       "      <td>1.35</td>\n",
       "      <td>10.20</td>\n",
       "      <td>0.59</td>\n",
       "      <td>1.56</td>\n",
       "      <td>835</td>\n",
       "    </tr>\n",
       "    <tr>\n",
       "      <th>176</th>\n",
       "      <td>3</td>\n",
       "      <td>13.17</td>\n",
       "      <td>2.59</td>\n",
       "      <td>2.37</td>\n",
       "      <td>20.0</td>\n",
       "      <td>120</td>\n",
       "      <td>1.65</td>\n",
       "      <td>0.68</td>\n",
       "      <td>0.53</td>\n",
       "      <td>1.46</td>\n",
       "      <td>9.30</td>\n",
       "      <td>0.60</td>\n",
       "      <td>1.62</td>\n",
       "      <td>840</td>\n",
       "    </tr>\n",
       "    <tr>\n",
       "      <th>177</th>\n",
       "      <td>3</td>\n",
       "      <td>14.13</td>\n",
       "      <td>4.10</td>\n",
       "      <td>2.74</td>\n",
       "      <td>24.5</td>\n",
       "      <td>96</td>\n",
       "      <td>2.05</td>\n",
       "      <td>0.76</td>\n",
       "      <td>0.56</td>\n",
       "      <td>1.35</td>\n",
       "      <td>9.20</td>\n",
       "      <td>0.61</td>\n",
       "      <td>1.60</td>\n",
       "      <td>560</td>\n",
       "    </tr>\n",
       "  </tbody>\n",
       "</table>\n",
       "<p>178 rows × 14 columns</p>\n",
       "</div>"
      ],
      "text/plain": [
       "     Type  Alcohol  Malic   Ash  Alcalinity  Magnesium  Phenols  Flavanoids  \\\n",
       "0       1    14.23   1.71  2.43        15.6        127     2.80        3.06   \n",
       "1       1    13.20   1.78  2.14        11.2        100     2.65        2.76   \n",
       "2       1    13.16   2.36  2.67        18.6        101     2.80        3.24   \n",
       "3       1    14.37   1.95  2.50        16.8        113     3.85        3.49   \n",
       "4       1    13.24   2.59  2.87        21.0        118     2.80        2.69   \n",
       "..    ...      ...    ...   ...         ...        ...      ...         ...   \n",
       "173     3    13.71   5.65  2.45        20.5         95     1.68        0.61   \n",
       "174     3    13.40   3.91  2.48        23.0        102     1.80        0.75   \n",
       "175     3    13.27   4.28  2.26        20.0        120     1.59        0.69   \n",
       "176     3    13.17   2.59  2.37        20.0        120     1.65        0.68   \n",
       "177     3    14.13   4.10  2.74        24.5         96     2.05        0.76   \n",
       "\n",
       "     Nonflavanoids  Proanthocyanins  Color   Hue  Dilution  Proline  \n",
       "0             0.28             2.29   5.64  1.04      3.92     1065  \n",
       "1             0.26             1.28   4.38  1.05      3.40     1050  \n",
       "2             0.30             2.81   5.68  1.03      3.17     1185  \n",
       "3             0.24             2.18   7.80  0.86      3.45     1480  \n",
       "4             0.39             1.82   4.32  1.04      2.93      735  \n",
       "..             ...              ...    ...   ...       ...      ...  \n",
       "173           0.52             1.06   7.70  0.64      1.74      740  \n",
       "174           0.43             1.41   7.30  0.70      1.56      750  \n",
       "175           0.43             1.35  10.20  0.59      1.56      835  \n",
       "176           0.53             1.46   9.30  0.60      1.62      840  \n",
       "177           0.56             1.35   9.20  0.61      1.60      560  \n",
       "\n",
       "[178 rows x 14 columns]"
      ]
     },
     "execution_count": 2,
     "metadata": {},
     "output_type": "execute_result"
    }
   ],
   "source": [
    "data_pca = pd.read_csv(\"wine.csv\")\n",
    "data_pca"
   ]
  },
  {
   "cell_type": "code",
   "execution_count": 3,
   "metadata": {},
   "outputs": [
    {
     "name": "stdout",
     "output_type": "stream",
     "text": [
      "<class 'pandas.core.frame.DataFrame'>\n",
      "RangeIndex: 178 entries, 0 to 177\n",
      "Data columns (total 14 columns):\n",
      " #   Column           Non-Null Count  Dtype  \n",
      "---  ------           --------------  -----  \n",
      " 0   Type             178 non-null    int64  \n",
      " 1   Alcohol          178 non-null    float64\n",
      " 2   Malic            178 non-null    float64\n",
      " 3   Ash              178 non-null    float64\n",
      " 4   Alcalinity       178 non-null    float64\n",
      " 5   Magnesium        178 non-null    int64  \n",
      " 6   Phenols          178 non-null    float64\n",
      " 7   Flavanoids       178 non-null    float64\n",
      " 8   Nonflavanoids    178 non-null    float64\n",
      " 9   Proanthocyanins  178 non-null    float64\n",
      " 10  Color            178 non-null    float64\n",
      " 11  Hue              178 non-null    float64\n",
      " 12  Dilution         178 non-null    float64\n",
      " 13  Proline          178 non-null    int64  \n",
      "dtypes: float64(11), int64(3)\n",
      "memory usage: 19.6 KB\n"
     ]
    }
   ],
   "source": [
    "data_pca.info()"
   ]
  },
  {
   "cell_type": "code",
   "execution_count": 4,
   "metadata": {},
   "outputs": [
    {
     "data": {
      "text/plain": [
       "array([[1.000e+00, 1.423e+01, 1.710e+00, ..., 1.040e+00, 3.920e+00,\n",
       "        1.065e+03],\n",
       "       [1.000e+00, 1.320e+01, 1.780e+00, ..., 1.050e+00, 3.400e+00,\n",
       "        1.050e+03],\n",
       "       [1.000e+00, 1.316e+01, 2.360e+00, ..., 1.030e+00, 3.170e+00,\n",
       "        1.185e+03],\n",
       "       ...,\n",
       "       [3.000e+00, 1.327e+01, 4.280e+00, ..., 5.900e-01, 1.560e+00,\n",
       "        8.350e+02],\n",
       "       [3.000e+00, 1.317e+01, 2.590e+00, ..., 6.000e-01, 1.620e+00,\n",
       "        8.400e+02],\n",
       "       [3.000e+00, 1.413e+01, 4.100e+00, ..., 6.100e-01, 1.600e+00,\n",
       "        5.600e+02]])"
      ]
     },
     "execution_count": 4,
     "metadata": {},
     "output_type": "execute_result"
    }
   ],
   "source": [
    "Data = data_pca.values\n",
    "Data"
   ]
  },
  {
   "cell_type": "code",
   "execution_count": 5,
   "metadata": {},
   "outputs": [
    {
     "data": {
      "text/plain": [
       "array([[-1.21394365,  1.51861254, -0.5622498 , ...,  0.36217728,\n",
       "         1.84791957,  1.01300893],\n",
       "       [-1.21394365,  0.24628963, -0.49941338, ...,  0.40605066,\n",
       "         1.1134493 ,  0.96524152],\n",
       "       [-1.21394365,  0.19687903,  0.02123125, ...,  0.31830389,\n",
       "         0.78858745,  1.39514818],\n",
       "       ...,\n",
       "       [ 1.37386437,  0.33275817,  1.74474449, ..., -1.61212515,\n",
       "        -1.48544548,  0.28057537],\n",
       "       [ 1.37386437,  0.20923168,  0.22769377, ..., -1.56825176,\n",
       "        -1.40069891,  0.29649784],\n",
       "       [ 1.37386437,  1.39508604,  1.58316512, ..., -1.52437837,\n",
       "        -1.42894777, -0.59516041]])"
      ]
     },
     "execution_count": 5,
     "metadata": {},
     "output_type": "execute_result"
    }
   ],
   "source": [
    "data_nrml = scale(Data)\n",
    "data_nrml"
   ]
  },
  {
   "cell_type": "code",
   "execution_count": 6,
   "metadata": {},
   "outputs": [
    {
     "data": {
      "text/html": [
       "<div>\n",
       "<style scoped>\n",
       "    .dataframe tbody tr th:only-of-type {\n",
       "        vertical-align: middle;\n",
       "    }\n",
       "\n",
       "    .dataframe tbody tr th {\n",
       "        vertical-align: top;\n",
       "    }\n",
       "\n",
       "    .dataframe thead th {\n",
       "        text-align: right;\n",
       "    }\n",
       "</style>\n",
       "<table border=\"1\" class=\"dataframe\">\n",
       "  <thead>\n",
       "    <tr style=\"text-align: right;\">\n",
       "      <th></th>\n",
       "      <th>0</th>\n",
       "      <th>1</th>\n",
       "      <th>2</th>\n",
       "      <th>3</th>\n",
       "      <th>4</th>\n",
       "      <th>5</th>\n",
       "      <th>6</th>\n",
       "      <th>7</th>\n",
       "      <th>8</th>\n",
       "      <th>9</th>\n",
       "      <th>10</th>\n",
       "      <th>11</th>\n",
       "      <th>12</th>\n",
       "      <th>13</th>\n",
       "    </tr>\n",
       "  </thead>\n",
       "  <tbody>\n",
       "    <tr>\n",
       "      <th>0</th>\n",
       "      <td>-3.522934</td>\n",
       "      <td>-1.453098</td>\n",
       "      <td>-0.164795</td>\n",
       "      <td>-0.013273</td>\n",
       "      <td>0.737345</td>\n",
       "      <td>-0.300716</td>\n",
       "      <td>0.573876</td>\n",
       "      <td>0.055637</td>\n",
       "      <td>-0.458765</td>\n",
       "      <td>1.065570</td>\n",
       "      <td>-0.420494</td>\n",
       "      <td>0.552928</td>\n",
       "      <td>-0.302978</td>\n",
       "      <td>0.200857</td>\n",
       "    </tr>\n",
       "    <tr>\n",
       "      <th>1</th>\n",
       "      <td>-2.528858</td>\n",
       "      <td>0.330019</td>\n",
       "      <td>-2.026707</td>\n",
       "      <td>-0.417144</td>\n",
       "      <td>-0.283214</td>\n",
       "      <td>-0.884309</td>\n",
       "      <td>-0.029716</td>\n",
       "      <td>1.010372</td>\n",
       "      <td>0.218806</td>\n",
       "      <td>-0.020182</td>\n",
       "      <td>-0.130020</td>\n",
       "      <td>0.394971</td>\n",
       "      <td>-0.146645</td>\n",
       "      <td>0.126402</td>\n",
       "    </tr>\n",
       "    <tr>\n",
       "      <th>2</th>\n",
       "      <td>-2.785029</td>\n",
       "      <td>-1.036936</td>\n",
       "      <td>0.983238</td>\n",
       "      <td>0.664232</td>\n",
       "      <td>-0.387565</td>\n",
       "      <td>0.468842</td>\n",
       "      <td>0.488305</td>\n",
       "      <td>-0.268957</td>\n",
       "      <td>1.222769</td>\n",
       "      <td>-0.106249</td>\n",
       "      <td>-0.279074</td>\n",
       "      <td>0.001898</td>\n",
       "      <td>0.021278</td>\n",
       "      <td>-0.055752</td>\n",
       "    </tr>\n",
       "    <tr>\n",
       "      <th>3</th>\n",
       "      <td>-3.922588</td>\n",
       "      <td>-2.768210</td>\n",
       "      <td>-0.174968</td>\n",
       "      <td>0.565088</td>\n",
       "      <td>-0.324360</td>\n",
       "      <td>0.262616</td>\n",
       "      <td>-0.398364</td>\n",
       "      <td>0.618844</td>\n",
       "      <td>-0.114658</td>\n",
       "      <td>0.107671</td>\n",
       "      <td>0.773866</td>\n",
       "      <td>-0.230929</td>\n",
       "      <td>-0.501277</td>\n",
       "      <td>0.019903</td>\n",
       "    </tr>\n",
       "    <tr>\n",
       "      <th>4</th>\n",
       "      <td>-1.407511</td>\n",
       "      <td>-0.867773</td>\n",
       "      <td>2.025829</td>\n",
       "      <td>-0.440906</td>\n",
       "      <td>0.227949</td>\n",
       "      <td>-0.593762</td>\n",
       "      <td>0.447876</td>\n",
       "      <td>0.434937</td>\n",
       "      <td>-0.261548</td>\n",
       "      <td>0.112434</td>\n",
       "      <td>-0.537931</td>\n",
       "      <td>-0.226686</td>\n",
       "      <td>0.274109</td>\n",
       "      <td>-0.517498</td>\n",
       "    </tr>\n",
       "    <tr>\n",
       "      <th>...</th>\n",
       "      <td>...</td>\n",
       "      <td>...</td>\n",
       "      <td>...</td>\n",
       "      <td>...</td>\n",
       "      <td>...</td>\n",
       "      <td>...</td>\n",
       "      <td>...</td>\n",
       "      <td>...</td>\n",
       "      <td>...</td>\n",
       "      <td>...</td>\n",
       "      <td>...</td>\n",
       "      <td>...</td>\n",
       "      <td>...</td>\n",
       "      <td>...</td>\n",
       "    </tr>\n",
       "    <tr>\n",
       "      <th>173</th>\n",
       "      <td>3.627996</td>\n",
       "      <td>-2.206617</td>\n",
       "      <td>-0.343668</td>\n",
       "      <td>0.751705</td>\n",
       "      <td>-1.004109</td>\n",
       "      <td>-1.143155</td>\n",
       "      <td>0.843455</td>\n",
       "      <td>-0.206626</td>\n",
       "      <td>-0.125419</td>\n",
       "      <td>-0.392619</td>\n",
       "      <td>0.136783</td>\n",
       "      <td>0.174807</td>\n",
       "      <td>-0.198803</td>\n",
       "      <td>0.093951</td>\n",
       "    </tr>\n",
       "    <tr>\n",
       "      <th>174</th>\n",
       "      <td>2.942729</td>\n",
       "      <td>-1.752263</td>\n",
       "      <td>0.207480</td>\n",
       "      <td>0.399381</td>\n",
       "      <td>0.154223</td>\n",
       "      <td>-0.062465</td>\n",
       "      <td>0.139947</td>\n",
       "      <td>-0.565588</td>\n",
       "      <td>0.055341</td>\n",
       "      <td>-0.236267</td>\n",
       "      <td>0.254286</td>\n",
       "      <td>-0.277519</td>\n",
       "      <td>-0.185064</td>\n",
       "      <td>-0.024277</td>\n",
       "    </tr>\n",
       "    <tr>\n",
       "      <th>175</th>\n",
       "      <td>3.027272</td>\n",
       "      <td>-2.756040</td>\n",
       "      <td>-0.940803</td>\n",
       "      <td>0.607758</td>\n",
       "      <td>1.128136</td>\n",
       "      <td>0.005290</td>\n",
       "      <td>0.733026</td>\n",
       "      <td>0.052545</td>\n",
       "      <td>-0.027881</td>\n",
       "      <td>-0.212749</td>\n",
       "      <td>0.502640</td>\n",
       "      <td>0.693336</td>\n",
       "      <td>0.167036</td>\n",
       "      <td>-0.031696</td>\n",
       "    </tr>\n",
       "    <tr>\n",
       "      <th>176</th>\n",
       "      <td>2.755222</td>\n",
       "      <td>-2.293784</td>\n",
       "      <td>-0.550474</td>\n",
       "      <td>-0.391570</td>\n",
       "      <td>1.067083</td>\n",
       "      <td>1.012562</td>\n",
       "      <td>0.755423</td>\n",
       "      <td>0.426512</td>\n",
       "      <td>0.048784</td>\n",
       "      <td>0.479793</td>\n",
       "      <td>0.313786</td>\n",
       "      <td>0.344120</td>\n",
       "      <td>-0.109515</td>\n",
       "      <td>0.102823</td>\n",
       "    </tr>\n",
       "    <tr>\n",
       "      <th>177</th>\n",
       "      <td>3.496336</td>\n",
       "      <td>-2.760608</td>\n",
       "      <td>1.013151</td>\n",
       "      <td>0.349630</td>\n",
       "      <td>-1.005136</td>\n",
       "      <td>0.377223</td>\n",
       "      <td>0.015307</td>\n",
       "      <td>-0.325002</td>\n",
       "      <td>-0.719983</td>\n",
       "      <td>0.079908</td>\n",
       "      <td>-0.238282</td>\n",
       "      <td>-0.189866</td>\n",
       "      <td>-0.164090</td>\n",
       "      <td>-0.264917</td>\n",
       "    </tr>\n",
       "  </tbody>\n",
       "</table>\n",
       "<p>178 rows × 14 columns</p>\n",
       "</div>"
      ],
      "text/plain": [
       "           0         1         2         3         4         5         6   \\\n",
       "0   -3.522934 -1.453098 -0.164795 -0.013273  0.737345 -0.300716  0.573876   \n",
       "1   -2.528858  0.330019 -2.026707 -0.417144 -0.283214 -0.884309 -0.029716   \n",
       "2   -2.785029 -1.036936  0.983238  0.664232 -0.387565  0.468842  0.488305   \n",
       "3   -3.922588 -2.768210 -0.174968  0.565088 -0.324360  0.262616 -0.398364   \n",
       "4   -1.407511 -0.867773  2.025829 -0.440906  0.227949 -0.593762  0.447876   \n",
       "..        ...       ...       ...       ...       ...       ...       ...   \n",
       "173  3.627996 -2.206617 -0.343668  0.751705 -1.004109 -1.143155  0.843455   \n",
       "174  2.942729 -1.752263  0.207480  0.399381  0.154223 -0.062465  0.139947   \n",
       "175  3.027272 -2.756040 -0.940803  0.607758  1.128136  0.005290  0.733026   \n",
       "176  2.755222 -2.293784 -0.550474 -0.391570  1.067083  1.012562  0.755423   \n",
       "177  3.496336 -2.760608  1.013151  0.349630 -1.005136  0.377223  0.015307   \n",
       "\n",
       "           7         8         9         10        11        12        13  \n",
       "0    0.055637 -0.458765  1.065570 -0.420494  0.552928 -0.302978  0.200857  \n",
       "1    1.010372  0.218806 -0.020182 -0.130020  0.394971 -0.146645  0.126402  \n",
       "2   -0.268957  1.222769 -0.106249 -0.279074  0.001898  0.021278 -0.055752  \n",
       "3    0.618844 -0.114658  0.107671  0.773866 -0.230929 -0.501277  0.019903  \n",
       "4    0.434937 -0.261548  0.112434 -0.537931 -0.226686  0.274109 -0.517498  \n",
       "..        ...       ...       ...       ...       ...       ...       ...  \n",
       "173 -0.206626 -0.125419 -0.392619  0.136783  0.174807 -0.198803  0.093951  \n",
       "174 -0.565588  0.055341 -0.236267  0.254286 -0.277519 -0.185064 -0.024277  \n",
       "175  0.052545 -0.027881 -0.212749  0.502640  0.693336  0.167036 -0.031696  \n",
       "176  0.426512  0.048784  0.479793  0.313786  0.344120 -0.109515  0.102823  \n",
       "177 -0.325002 -0.719983  0.079908 -0.238282 -0.189866 -0.164090 -0.264917  \n",
       "\n",
       "[178 rows x 14 columns]"
      ]
     },
     "execution_count": 6,
     "metadata": {},
     "output_type": "execute_result"
    }
   ],
   "source": [
    "pca = PCA()\n",
    "pca_var= pd.DataFrame(pca.fit_transform(data_nrml))\n",
    "pca_var"
   ]
  },
  {
   "cell_type": "code",
   "execution_count": 7,
   "metadata": {},
   "outputs": [
    {
     "data": {
      "text/plain": [
       "array([0.39542486, 0.17836259, 0.10329102, 0.06627984, 0.06267875,\n",
       "       0.0480556 , 0.03955707, 0.02500244, 0.02103871, 0.01873615,\n",
       "       0.01613203, 0.01205691, 0.00925458, 0.00412945])"
      ]
     },
     "execution_count": 7,
     "metadata": {},
     "output_type": "execute_result"
    }
   ],
   "source": [
    "variance = pca.explained_variance_ratio_\n",
    "variance"
   ]
  },
  {
   "cell_type": "code",
   "execution_count": 8,
   "metadata": {},
   "outputs": [
    {
     "data": {
      "text/plain": [
       "array([ 39.54,  57.38,  67.71,  74.34,  80.61,  85.42,  89.38,  91.88,\n",
       "        93.98,  95.85,  97.46,  98.67,  99.6 , 100.01])"
      ]
     },
     "execution_count": 8,
     "metadata": {},
     "output_type": "execute_result"
    }
   ],
   "source": [
    "cumsum = np.cumsum(np.round(variance,decimals=4)*100)\n",
    "cumsum"
   ]
  },
  {
   "cell_type": "code",
   "execution_count": 9,
   "metadata": {},
   "outputs": [
    {
     "data": {
      "text/plain": [
       "1.0000000000000004"
      ]
     },
     "execution_count": 9,
     "metadata": {},
     "output_type": "execute_result"
    }
   ],
   "source": [
    "weight=pd.DataFrame(pca.components_)\n",
    "sum(weight.iloc[:,9]**2)"
   ]
  },
  {
   "cell_type": "code",
   "execution_count": 10,
   "metadata": {},
   "outputs": [
    {
     "data": {
      "text/html": [
       "<div>\n",
       "<style scoped>\n",
       "    .dataframe tbody tr th:only-of-type {\n",
       "        vertical-align: middle;\n",
       "    }\n",
       "\n",
       "    .dataframe tbody tr th {\n",
       "        vertical-align: top;\n",
       "    }\n",
       "\n",
       "    .dataframe thead th {\n",
       "        text-align: right;\n",
       "    }\n",
       "</style>\n",
       "<table border=\"1\" class=\"dataframe\">\n",
       "  <thead>\n",
       "    <tr style=\"text-align: right;\">\n",
       "      <th></th>\n",
       "      <th>0</th>\n",
       "      <th>1</th>\n",
       "      <th>2</th>\n",
       "      <th>3</th>\n",
       "      <th>4</th>\n",
       "      <th>5</th>\n",
       "      <th>6</th>\n",
       "      <th>7</th>\n",
       "      <th>8</th>\n",
       "      <th>9</th>\n",
       "      <th>10</th>\n",
       "      <th>11</th>\n",
       "      <th>12</th>\n",
       "      <th>13</th>\n",
       "    </tr>\n",
       "  </thead>\n",
       "  <tbody>\n",
       "    <tr>\n",
       "      <th>0</th>\n",
       "      <td>1.000000e+00</td>\n",
       "      <td>-1.878868e-17</td>\n",
       "      <td>-5.643375e-17</td>\n",
       "      <td>-1.331941e-16</td>\n",
       "      <td>1.188555e-16</td>\n",
       "      <td>2.372216e-16</td>\n",
       "      <td>-2.404484e-17</td>\n",
       "      <td>-5.287142e-17</td>\n",
       "      <td>5.861407e-18</td>\n",
       "      <td>-2.577623e-16</td>\n",
       "      <td>2.231237e-18</td>\n",
       "      <td>-7.613673e-17</td>\n",
       "      <td>-1.126791e-16</td>\n",
       "      <td>5.843323e-17</td>\n",
       "    </tr>\n",
       "    <tr>\n",
       "      <th>1</th>\n",
       "      <td>-1.878868e-17</td>\n",
       "      <td>1.000000e+00</td>\n",
       "      <td>-1.522990e-16</td>\n",
       "      <td>-3.286200e-16</td>\n",
       "      <td>-3.994464e-16</td>\n",
       "      <td>-5.774569e-17</td>\n",
       "      <td>-7.246502e-17</td>\n",
       "      <td>-1.140815e-16</td>\n",
       "      <td>-1.309101e-17</td>\n",
       "      <td>-2.994065e-16</td>\n",
       "      <td>-1.387019e-16</td>\n",
       "      <td>7.685680e-17</td>\n",
       "      <td>-2.028633e-16</td>\n",
       "      <td>4.924763e-18</td>\n",
       "    </tr>\n",
       "    <tr>\n",
       "      <th>2</th>\n",
       "      <td>-5.643375e-17</td>\n",
       "      <td>-1.522990e-16</td>\n",
       "      <td>1.000000e+00</td>\n",
       "      <td>2.686833e-16</td>\n",
       "      <td>1.993303e-17</td>\n",
       "      <td>1.002278e-16</td>\n",
       "      <td>-2.948651e-16</td>\n",
       "      <td>1.613086e-16</td>\n",
       "      <td>2.628174e-16</td>\n",
       "      <td>-1.126655e-17</td>\n",
       "      <td>1.091406e-17</td>\n",
       "      <td>-1.514936e-16</td>\n",
       "      <td>-2.111009e-16</td>\n",
       "      <td>-6.579374e-17</td>\n",
       "    </tr>\n",
       "    <tr>\n",
       "      <th>3</th>\n",
       "      <td>-1.331941e-16</td>\n",
       "      <td>-3.286200e-16</td>\n",
       "      <td>2.686833e-16</td>\n",
       "      <td>1.000000e+00</td>\n",
       "      <td>-2.564397e-16</td>\n",
       "      <td>4.477896e-16</td>\n",
       "      <td>-1.400286e-16</td>\n",
       "      <td>-1.948051e-16</td>\n",
       "      <td>-1.837311e-16</td>\n",
       "      <td>-3.546603e-16</td>\n",
       "      <td>-1.091679e-16</td>\n",
       "      <td>5.279567e-17</td>\n",
       "      <td>-8.285915e-17</td>\n",
       "      <td>4.120185e-16</td>\n",
       "    </tr>\n",
       "    <tr>\n",
       "      <th>4</th>\n",
       "      <td>1.188555e-16</td>\n",
       "      <td>-3.994464e-16</td>\n",
       "      <td>1.993303e-17</td>\n",
       "      <td>-2.564397e-16</td>\n",
       "      <td>1.000000e+00</td>\n",
       "      <td>-1.102376e-15</td>\n",
       "      <td>3.297065e-16</td>\n",
       "      <td>-4.220288e-17</td>\n",
       "      <td>2.453706e-18</td>\n",
       "      <td>-2.019961e-16</td>\n",
       "      <td>1.327507e-16</td>\n",
       "      <td>-3.605903e-17</td>\n",
       "      <td>-3.861447e-16</td>\n",
       "      <td>2.256906e-16</td>\n",
       "    </tr>\n",
       "    <tr>\n",
       "      <th>5</th>\n",
       "      <td>2.372216e-16</td>\n",
       "      <td>-5.774569e-17</td>\n",
       "      <td>1.002278e-16</td>\n",
       "      <td>4.477896e-16</td>\n",
       "      <td>-1.102376e-15</td>\n",
       "      <td>1.000000e+00</td>\n",
       "      <td>1.817259e-16</td>\n",
       "      <td>8.996986e-18</td>\n",
       "      <td>1.366109e-16</td>\n",
       "      <td>1.968671e-16</td>\n",
       "      <td>1.700101e-17</td>\n",
       "      <td>4.534593e-17</td>\n",
       "      <td>2.492836e-16</td>\n",
       "      <td>5.415949e-17</td>\n",
       "    </tr>\n",
       "    <tr>\n",
       "      <th>6</th>\n",
       "      <td>-2.404484e-17</td>\n",
       "      <td>-7.246502e-17</td>\n",
       "      <td>-2.948651e-16</td>\n",
       "      <td>-1.400286e-16</td>\n",
       "      <td>3.297065e-16</td>\n",
       "      <td>1.817259e-16</td>\n",
       "      <td>1.000000e+00</td>\n",
       "      <td>4.609276e-16</td>\n",
       "      <td>6.845733e-17</td>\n",
       "      <td>-1.213294e-17</td>\n",
       "      <td>-7.956280e-17</td>\n",
       "      <td>6.875469e-17</td>\n",
       "      <td>1.274840e-16</td>\n",
       "      <td>-8.986859e-19</td>\n",
       "    </tr>\n",
       "    <tr>\n",
       "      <th>7</th>\n",
       "      <td>-5.287142e-17</td>\n",
       "      <td>-1.140815e-16</td>\n",
       "      <td>1.613086e-16</td>\n",
       "      <td>-1.948051e-16</td>\n",
       "      <td>-4.220288e-17</td>\n",
       "      <td>8.996986e-18</td>\n",
       "      <td>4.609276e-16</td>\n",
       "      <td>1.000000e+00</td>\n",
       "      <td>-2.845765e-16</td>\n",
       "      <td>1.836483e-16</td>\n",
       "      <td>3.826622e-17</td>\n",
       "      <td>-6.719656e-17</td>\n",
       "      <td>3.496278e-17</td>\n",
       "      <td>-1.660647e-16</td>\n",
       "    </tr>\n",
       "    <tr>\n",
       "      <th>8</th>\n",
       "      <td>5.861407e-18</td>\n",
       "      <td>-1.309101e-17</td>\n",
       "      <td>2.628174e-16</td>\n",
       "      <td>-1.837311e-16</td>\n",
       "      <td>2.453706e-18</td>\n",
       "      <td>1.366109e-16</td>\n",
       "      <td>6.845733e-17</td>\n",
       "      <td>-2.845765e-16</td>\n",
       "      <td>1.000000e+00</td>\n",
       "      <td>2.692736e-17</td>\n",
       "      <td>3.820896e-16</td>\n",
       "      <td>2.608456e-16</td>\n",
       "      <td>1.460714e-16</td>\n",
       "      <td>-1.577322e-16</td>\n",
       "    </tr>\n",
       "    <tr>\n",
       "      <th>9</th>\n",
       "      <td>-2.577623e-16</td>\n",
       "      <td>-2.994065e-16</td>\n",
       "      <td>-1.126655e-17</td>\n",
       "      <td>-3.546603e-16</td>\n",
       "      <td>-2.019961e-16</td>\n",
       "      <td>1.968671e-16</td>\n",
       "      <td>-1.213294e-17</td>\n",
       "      <td>1.836483e-16</td>\n",
       "      <td>2.692736e-17</td>\n",
       "      <td>1.000000e+00</td>\n",
       "      <td>-2.242258e-17</td>\n",
       "      <td>2.450540e-16</td>\n",
       "      <td>-1.052002e-16</td>\n",
       "      <td>1.483083e-16</td>\n",
       "    </tr>\n",
       "    <tr>\n",
       "      <th>10</th>\n",
       "      <td>2.231237e-18</td>\n",
       "      <td>-1.387019e-16</td>\n",
       "      <td>1.091406e-17</td>\n",
       "      <td>-1.091679e-16</td>\n",
       "      <td>1.327507e-16</td>\n",
       "      <td>1.700101e-17</td>\n",
       "      <td>-7.956280e-17</td>\n",
       "      <td>3.826622e-17</td>\n",
       "      <td>3.820896e-16</td>\n",
       "      <td>-2.242258e-17</td>\n",
       "      <td>1.000000e+00</td>\n",
       "      <td>-1.838821e-16</td>\n",
       "      <td>-1.442524e-16</td>\n",
       "      <td>9.825259e-17</td>\n",
       "    </tr>\n",
       "    <tr>\n",
       "      <th>11</th>\n",
       "      <td>-7.613673e-17</td>\n",
       "      <td>7.685680e-17</td>\n",
       "      <td>-1.514936e-16</td>\n",
       "      <td>5.279567e-17</td>\n",
       "      <td>-3.605903e-17</td>\n",
       "      <td>4.534593e-17</td>\n",
       "      <td>6.875469e-17</td>\n",
       "      <td>-6.719656e-17</td>\n",
       "      <td>2.608456e-16</td>\n",
       "      <td>2.450540e-16</td>\n",
       "      <td>-1.838821e-16</td>\n",
       "      <td>1.000000e+00</td>\n",
       "      <td>3.927643e-17</td>\n",
       "      <td>-5.840362e-17</td>\n",
       "    </tr>\n",
       "    <tr>\n",
       "      <th>12</th>\n",
       "      <td>-1.126791e-16</td>\n",
       "      <td>-2.028633e-16</td>\n",
       "      <td>-2.111009e-16</td>\n",
       "      <td>-8.285915e-17</td>\n",
       "      <td>-3.861447e-16</td>\n",
       "      <td>2.492836e-16</td>\n",
       "      <td>1.274840e-16</td>\n",
       "      <td>3.496278e-17</td>\n",
       "      <td>1.460714e-16</td>\n",
       "      <td>-1.052002e-16</td>\n",
       "      <td>-1.442524e-16</td>\n",
       "      <td>3.927643e-17</td>\n",
       "      <td>1.000000e+00</td>\n",
       "      <td>1.216134e-17</td>\n",
       "    </tr>\n",
       "    <tr>\n",
       "      <th>13</th>\n",
       "      <td>5.843323e-17</td>\n",
       "      <td>4.924763e-18</td>\n",
       "      <td>-6.579374e-17</td>\n",
       "      <td>4.120185e-16</td>\n",
       "      <td>2.256906e-16</td>\n",
       "      <td>5.415949e-17</td>\n",
       "      <td>-8.986859e-19</td>\n",
       "      <td>-1.660647e-16</td>\n",
       "      <td>-1.577322e-16</td>\n",
       "      <td>1.483083e-16</td>\n",
       "      <td>9.825259e-17</td>\n",
       "      <td>-5.840362e-17</td>\n",
       "      <td>1.216134e-17</td>\n",
       "      <td>1.000000e+00</td>\n",
       "    </tr>\n",
       "  </tbody>\n",
       "</table>\n",
       "</div>"
      ],
      "text/plain": [
       "              0             1             2             3             4   \\\n",
       "0   1.000000e+00 -1.878868e-17 -5.643375e-17 -1.331941e-16  1.188555e-16   \n",
       "1  -1.878868e-17  1.000000e+00 -1.522990e-16 -3.286200e-16 -3.994464e-16   \n",
       "2  -5.643375e-17 -1.522990e-16  1.000000e+00  2.686833e-16  1.993303e-17   \n",
       "3  -1.331941e-16 -3.286200e-16  2.686833e-16  1.000000e+00 -2.564397e-16   \n",
       "4   1.188555e-16 -3.994464e-16  1.993303e-17 -2.564397e-16  1.000000e+00   \n",
       "5   2.372216e-16 -5.774569e-17  1.002278e-16  4.477896e-16 -1.102376e-15   \n",
       "6  -2.404484e-17 -7.246502e-17 -2.948651e-16 -1.400286e-16  3.297065e-16   \n",
       "7  -5.287142e-17 -1.140815e-16  1.613086e-16 -1.948051e-16 -4.220288e-17   \n",
       "8   5.861407e-18 -1.309101e-17  2.628174e-16 -1.837311e-16  2.453706e-18   \n",
       "9  -2.577623e-16 -2.994065e-16 -1.126655e-17 -3.546603e-16 -2.019961e-16   \n",
       "10  2.231237e-18 -1.387019e-16  1.091406e-17 -1.091679e-16  1.327507e-16   \n",
       "11 -7.613673e-17  7.685680e-17 -1.514936e-16  5.279567e-17 -3.605903e-17   \n",
       "12 -1.126791e-16 -2.028633e-16 -2.111009e-16 -8.285915e-17 -3.861447e-16   \n",
       "13  5.843323e-17  4.924763e-18 -6.579374e-17  4.120185e-16  2.256906e-16   \n",
       "\n",
       "              5             6             7             8             9   \\\n",
       "0   2.372216e-16 -2.404484e-17 -5.287142e-17  5.861407e-18 -2.577623e-16   \n",
       "1  -5.774569e-17 -7.246502e-17 -1.140815e-16 -1.309101e-17 -2.994065e-16   \n",
       "2   1.002278e-16 -2.948651e-16  1.613086e-16  2.628174e-16 -1.126655e-17   \n",
       "3   4.477896e-16 -1.400286e-16 -1.948051e-16 -1.837311e-16 -3.546603e-16   \n",
       "4  -1.102376e-15  3.297065e-16 -4.220288e-17  2.453706e-18 -2.019961e-16   \n",
       "5   1.000000e+00  1.817259e-16  8.996986e-18  1.366109e-16  1.968671e-16   \n",
       "6   1.817259e-16  1.000000e+00  4.609276e-16  6.845733e-17 -1.213294e-17   \n",
       "7   8.996986e-18  4.609276e-16  1.000000e+00 -2.845765e-16  1.836483e-16   \n",
       "8   1.366109e-16  6.845733e-17 -2.845765e-16  1.000000e+00  2.692736e-17   \n",
       "9   1.968671e-16 -1.213294e-17  1.836483e-16  2.692736e-17  1.000000e+00   \n",
       "10  1.700101e-17 -7.956280e-17  3.826622e-17  3.820896e-16 -2.242258e-17   \n",
       "11  4.534593e-17  6.875469e-17 -6.719656e-17  2.608456e-16  2.450540e-16   \n",
       "12  2.492836e-16  1.274840e-16  3.496278e-17  1.460714e-16 -1.052002e-16   \n",
       "13  5.415949e-17 -8.986859e-19 -1.660647e-16 -1.577322e-16  1.483083e-16   \n",
       "\n",
       "              10            11            12            13  \n",
       "0   2.231237e-18 -7.613673e-17 -1.126791e-16  5.843323e-17  \n",
       "1  -1.387019e-16  7.685680e-17 -2.028633e-16  4.924763e-18  \n",
       "2   1.091406e-17 -1.514936e-16 -2.111009e-16 -6.579374e-17  \n",
       "3  -1.091679e-16  5.279567e-17 -8.285915e-17  4.120185e-16  \n",
       "4   1.327507e-16 -3.605903e-17 -3.861447e-16  2.256906e-16  \n",
       "5   1.700101e-17  4.534593e-17  2.492836e-16  5.415949e-17  \n",
       "6  -7.956280e-17  6.875469e-17  1.274840e-16 -8.986859e-19  \n",
       "7   3.826622e-17 -6.719656e-17  3.496278e-17 -1.660647e-16  \n",
       "8   3.820896e-16  2.608456e-16  1.460714e-16 -1.577322e-16  \n",
       "9  -2.242258e-17  2.450540e-16 -1.052002e-16  1.483083e-16  \n",
       "10  1.000000e+00 -1.838821e-16 -1.442524e-16  9.825259e-17  \n",
       "11 -1.838821e-16  1.000000e+00  3.927643e-17 -5.840362e-17  \n",
       "12 -1.442524e-16  3.927643e-17  1.000000e+00  1.216134e-17  \n",
       "13  9.825259e-17 -5.840362e-17  1.216134e-17  1.000000e+00  "
      ]
     },
     "execution_count": 10,
     "metadata": {},
     "output_type": "execute_result"
    }
   ],
   "source": [
    "pca_var.corr()"
   ]
  },
  {
   "cell_type": "code",
   "execution_count": 11,
   "metadata": {},
   "outputs": [
    {
     "data": {
      "text/plain": [
       "[<matplotlib.lines.Line2D at 0x805572d670>]"
      ]
     },
     "execution_count": 11,
     "metadata": {},
     "output_type": "execute_result"
    },
    {
     "data": {
